id,item1,item2,item3,item4,item5,item6,item7,item8,item9
1,1,0,0,0,0,0,0,0,0
2,1,1,0,1,1,1,1,0,0
3,1,0,0,0,0,0,0,0,0
4,1,0,0,0,0,1,1,0,0
5,1,0,0,0,1,0,0,0,1
6,0,1,0,0,0,1,0,0,0
7,1,1,0,0,0,0,0,0,1
8,1,0,1,0,0,0,0,0,0
9,1,0,0,0,0,0,0,1,0
10,0,0,0,0,0,1,0,0,0
11,0,0,0,0,0,0,0,0,0
12,1,0,0,0,0,1,0,0,1
13,1,1,0,0,0,0,0,0,0
14,0,0,0,0,0,1,0,0,0
15,1,1,0,0,0,0,0,0,0
16,1,0,0,0,0,0,0,0,1
17,1,0,0,0,1,1,0,0,1
18,1,1,0,0,1,0,1,0,0
19,0,1,0,0,0,1,0,0,0
20,0,0,0,0,0,0,0,0,0
21,1,0,0,1,0,1,1,0,0
22,0,1,0,0,0,0,0,0,0
23,1,1,0,0,0,0,0,0,1
24,0,1,0,0,0,1,1,0,1
25,0,0,0,0,0,0,0,0,0
26,1,1,0,1,1,1,1,1,0
27,0,0,0,0,0,0,0,0,0
28,1,0,0,0,0,0,0,0,0
29,1,0,0,0,0,0,0,0,0
30,1,0,0,0,0,0,0,0,0
31,1,1,0,0,0,0,0,0,0
32,0,0,0,0,0,0,0,0,0
33,1,0,0,0,1,0,0,1,1
34,1,0,0,0,1,1,1,1,0
35,1,0,0,0,0,1,0,1,0
36,1,0,0,0,0,0,0,0,1
37,1,0,0,0,0,0,0,0,0
38,0,0,0,0,0,1,0,0,0
39,0,1,0,0,0,1,0,0,0
40,1,0,0,1,0,0,0,1,0
41,1,0,0,0,0,1,0,0,0
42,1,1,0,0,0,1,0,0,0
43,1,1,0,0,1,1,0,1,0
44,0,0,0,0,0,0,0,0,0
45,1,1,0,0,0,0,0,0,0
46,0,0,0,0,0,0,0,1,0
47,1,0,0,0,1,1,0,0,0
48,0,0,0,0,0,0,0,1,0
49,1,0,0,0,0,0,0,0,0
50,0,0,1,0,0,0,0,0,0
51,1,0,0,0,0,0,0,0,0
52,1,0,0,0,1,0,0,0,0
53,1,0,0,0,0,0,0,0,0
54,0,0,0,0,0,0,0,0,1
55,1,0,1,0,0,0,0,1,0
56,1,1,0,0,1,0,1,0,0
57,0,0,0,1,0,0,0,0,0
58,0,0,0,0,0,0,0,0,0
59,0,1,0,0,0,1,0,0,0
60,1,0,0,1,0,0,1,1,0
61,1,0,0,0,0,0,0,1,0
62,1,0,1,0,1,0,1,1,1
63,1,1,0,0,0,0,0,1,0
64,1,0,0,0,0,0,0,0,1
65,1,0,0,0,0,0,0,0,0
66,1,0,0,0,0,1,0,0,0
67,0,0,1,0,0,0,0,0,0
68,1,0,0,0,0,0,0,0,0
69,0,0,0,1,0,0,0,0,1
70,1,0,1,1,0,0,0,1,0
71,1,0,0,0,0,0,0,0,0
72,1,0,0,0,0,0,0,0,0
73,1,0,0,0,0,0,0,0,0
74,1,0,0,0,1,1,0,1,0
75,1,0,0,0,0,1,0,0,0
76,0,0,0,0,0,0,0,0,0
77,1,1,0,0,0,0,0,0,0
78,1,0,0,1,0,0,0,0,0
79,1,0,0,0,0,0,0,0,0
80,1,1,1,0,1,0,0,1,0
81,1,1,0,0,0,1,0,0,0
82,0,1,0,0,0,1,0,0,0
83,1,0,0,0,0,0,0,1,0
84,1,1,0,0,0,0,1,0,1
85,0,0,0,0,0,0,0,0,0
86,1,0,0,0,0,1,0,1,0
87,1,0,0,0,0,0,0,0,0
88,1,0,0,1,1,0,0,0,0
89,1,0,0,0,0,0,0,0,0
90,0,0,0,0,0,0,0,0,1
91,1,0,0,0,0,1,0,0,1
92,1,0,0,1,1,1,1,1,0
93,1,0,0,0,0,0,1,0,0
94,0,1,0,0,0,0,0,0,1
95,1,1,0,0,1,0,0,0,0
96,1,1,0,0,1,1,0,0,0
97,1,0,0,0,0,0,0,0,0
98,1,0,0,0,0,1,0,0,1
99,1,0,0,1,0,0,0,0,0
100,1,1,0,0,1,0,0,0,1
101,1,1,0,0,0,1,1,0,1
102,1,1,0,1,0,1,0,0,1
103,1,1,0,0,0,0,0,0,0
104,0,0,0,0,0,0,1,1,0
105,1,1,0,0,0,0,0,1,0
106,1,0,0,0,0,0,0,0,0
107,1,0,0,0,1,0,0,0,1
108,1,0,0,0,0,0,1,0,0
109,0,0,0,0,0,1,0,0,0
110,1,0,0,0,1,0,0,0,0
111,1,0,0,0,0,0,0,0,1
112,1,0,0,0,0,1,0,0,1
113,1,0,0,0,0,0,0,1,0
114,1,1,0,0,0,0,0,0,0
115,1,0,0,0,1,0,0,1,0
116,0,0,0,0,1,0,0,0,0
117,1,1,1,0,1,1,1,1,1
118,1,1,0,0,1,0,0,0,0
119,1,1,0,0,0,1,0,1,1
120,0,1,0,0,0,0,0,0,0
121,0,1,0,0,0,0,0,0,0
122,0,0,0,1,0,0,0,0,1
123,1,1,1,0,1,0,1,1,0
124,0,0,0,0,0,1,0,0,0
125,0,0,1,0,0,0,0,0,1
126,1,0,0,0,0,0,0,0,0
127,1,0,0,0,0,0,0,0,1
128,1,0,0,0,0,1,0,0,1
129,1,0,0,0,1,0,0,0,0
130,0,0,0,0,0,0,0,0,0
131,0,0,0,0,0,0,0,0,1
132,1,1,0,0,1,1,0,0,0
133,1,0,0,0,1,0,0,0,0
134,1,1,0,0,1,1,0,0,1
135,1,0,0,1,0,0,0,0,0
136,1,0,0,0,0,0,0,0,0
137,1,1,0,0,0,0,0,0,1
138,1,0,0,0,0,0,0,0,0
139,0,1,0,0,0,0,0,0,0
140,1,1,0,0,1,0,1,1,0
141,1,1,0,0,1,0,0,0,1
142,0,0,0,0,0,0,0,0,0
143,0,0,0,0,0,0,0,0,0
144,1,0,0,0,0,1,0,1,0
145,0,0,0,0,0,1,0,0,1
146,1,1,0,0,0,0,0,0,1
147,1,1,0,0,0,1,0,1,1
148,0,0,0,0,0,0,0,0,0
149,1,1,0,0,1,0,0,1,0
150,0,1,0,0,0,1,1,0,1
151,1,1,0,0,0,0,0,0,0
152,1,0,0,0,0,1,0,0,1
153,1,0,0,0,0,1,0,0,1
154,1,1,0,0,1,0,1,0,1
155,0,0,0,0,0,0,0,1,0
156,1,0,0,0,0,1,0,0,0
157,1,0,0,0,0,0,0,0,1
158,1,0,0,0,0,0,0,0,0
159,0,0,0,0,0,0,0,0,0
160,1,1,0,0,1,0,1,0,0
161,0,0,0,0,0,1,0,0,0
162,1,0,0,0,0,1,1,0,0
163,1,0,0,0,1,0,0,0,1
164,1,0,0,0,1,1,0,0,1
165,0,1,0,0,0,0,0,0,1
166,0,0,0,0,0,0,0,0,0
167,0,0,0,0,0,0,0,0,1
168,1,1,1,1,1,0,1,0,0
169,0,1,0,0,0,0,0,0,0
170,1,0,0,0,0,1,0,0,0
171,1,0,0,0,0,1,0,0,1
172,1,0,0,0,0,0,0,0,0
173,1,0,1,0,0,0,1,0,0
174,1,1,0,0,1,1,0,0,0
175,1,1,0,0,0,0,0,0,0
176,1,0,0,1,0,1,0,0,1
177,1,0,0,0,1,1,0,0,1
178,1,0,0,1,0,0,0,0,0
179,1,0,0,0,0,1,0,0,0
180,0,0,0,0,0,0,0,0,0
181,0,0,0,0,0,0,0,0,0
182,1,0,0,0,0,0,1,0,0
183,1,1,1,0,0,0,0,0,0
184,1,1,0,0,0,0,0,0,0
185,1,1,0,0,0,0,0,0,0
186,0,0,0,1,0,0,0,0,0
187,0,0,0,0,0,0,0,1,1
188,0,0,0,1,0,1,0,0,0
189,1,0,0,1,0,0,0,0,0
190,1,1,0,0,0,1,0,0,0
191,0,0,0,0,0,0,0,0,1
192,1,0,0,0,0,0,0,0,0
193,0,0,0,0,0,0,0,0,0
194,1,1,0,1,0,1,1,0,0
195,0,0,0,0,0,0,0,0,1
196,1,0,0,0,0,0,0,1,0
197,0,0,0,0,0,0,0,0,1
198,1,0,0,0,0,1,0,0,1
199,0,0,1,0,0,0,1,0,0
200,0,0,0,0,0,0,0,0,0
201,1,0,0,0,1,0,0,0,0
202,0,0,0,0,0,1,1,0,0
203,0,0,0,0,0,0,0,0,0
204,1,0,0,0,0,0,0,1,0
205,1,0,1,0,1,0,1,0,0
206,0,0,0,0,0,0,0,0,0
207,0,1,0,0,0,0,0,0,0
208,1,0,0,0,0,0,0,0,0
209,1,0,0,0,0,0,0,0,1
210,1,0,0,0,1,0,0,0,1
211,1,0,0,0,1,0,1,0,0
212,1,0,0,0,1,0,0,0,0
213,1,1,0,1,1,1,0,0,0
214,1,1,0,0,1,1,0,1,1
215,1,0,0,0,0,0,0,0,0
216,1,0,0,0,1,1,1,1,1
217,1,1,0,0,1,1,0,0,0
218,1,0,0,0,0,0,1,0,1
219,0,0,0,0,0,0,0,0,1
220,1,0,0,0,0,0,0,0,1
221,1,1,0,0,0,0,0,0,0
222,1,1,0,0,0,0,0,1,0
223,1,1,0,0,0,0,0,0,0
224,1,0,0,0,1,0,0,1,1
225,0,0,0,0,0,0,0,0,0
226,1,0,0,1,0,0,1,0,1
227,0,0,0,0,0,1,0,0,0
228,1,1,0,0,0,0,0,0,0
229,0,0,0,0,0,0,0,0,0
230,1,1,0,0,0,0,1,0,0
231,0,0,0,1,0,1,0,1,0
232,1,0,1,1,1,0,0,0,0
233,1,1,0,0,1,0,0,0,0
234,1,0,0,1,0,0,0,1,0
235,0,0,0,0,0,0,0,1,0
236,1,0,0,0,0,0,0,1,1
237,1,0,0,0,0,1,0,1,0
238,1,1,0,0,0,1,0,0,0
239,1,0,0,0,0,0,1,1,0
240,0,0,0,0,0,1,0,0,0
241,1,0,0,0,0,1,0,0,1
242,1,1,0,0,1,0,0,0,0
243,1,1,0,0,0,1,0,0,0
244,1,0,0,0,0,0,1,0,1
245,1,0,0,0,0,0,0,0,0
246,0,0,0,0,0,1,0,0,1
247,1,0,0,0,0,0,0,0,1
248,1,0,0,0,0,0,0,0,0
249,1,0,0,0,1,1,1,1,0
250,0,0,0,0,0,1,0,0,0
251,1,1,0,0,0,0,0,0,0
252,1,0,0,0,0,0,1,1,0
253,1,0,0,0,0,0,0,0,0
254,1,0,0,0,0,0,1,0,0
255,0,0,0,0,0,0,0,0,1
256,1,1,0,0,1,1,1,0,1
257,0,0,0,0,0,0,0,0,0
258,1,0,0,0,1,0,0,0,0
259,0,0,0,0,0,0,1,0,0
260,1,1,0,0,0,0,0,1,1
261,0,0,0,0,0,0,1,0,0
262,0,0,0,0,0,0,0,0,0
263,1,0,0,1,1,1,1,1,1
264,1,1,0,0,1,0,0,1,0
265,1,0,0,0,0,0,0,0,0
266,1,0,0,0,0,0,0,0,1
267,1,1,0,0,0,0,0,0,1
268,1,1,0,0,0,1,0,0,0
269,0,0,0,0,0,0,0,0,0
270,1,1,0,0,0,0,0,0,1
271,1,0,0,0,0,0,0,0,0
272,1,0,0,0,0,0,0,0,1
273,1,0,0,1,0,0,0,0,0
274,1,0,0,0,0,0,0,0,0
275,0,0,0,0,0,0,0,0,0
276,0,0,0,0,0,0,0,0,0
277,0,0,0,1,0,0,0,0,0
278,0,0,0,1,0,1,0,0,0
279,0,0,0,0,0,0,0,0,0
280,1,1,1,0,0,1,0,0,0
281,1,1,1,0,0,0,0,0,1
282,1,0,0,0,0,0,1,0,0
283,1,0,0,0,1,1,1,0,0
284,1,0,1,0,0,0,0,0,0
285,0,0,0,0,0,0,0,0,1
286,1,0,0,0,0,1,0,0,0
287,0,1,1,0,0,1,1,0,1
288,1,0,0,0,0,0,0,0,1
289,0,0,0,0,0,1,0,0,0
290,1,1,0,0,1,0,0,0,0
291,1,0,0,0,0,0,0,1,0
292,1,0,0,0,0,0,0,0,0
293,0,1,0,0,0,0,0,0,0
294,1,0,1,0,0,0,0,0,1
295,1,1,1,0,1,0,0,0,1
296,1,0,0,0,0,0,1,0,1
297,1,0,0,0,1,0,1,0,0
298,0,0,0,0,0,0,0,0,0
299,1,0,0,0,0,1,0,0,1
300,0,0,0,0,0,0,0,0,0
301,1,1,0,0,0,1,0,0,0
302,1,0,0,0,0,1,0,0,1
303,0,1,0,0,0,0,1,0,0
304,0,0,0,0,0,0,0,0,0
305,1,1,0,0,0,0,0,0,1
306,1,0,1,0,1,0,1,1,0
307,1,0,0,0,0,0,0,0,1
308,1,0,0,0,0,0,0,0,1
309,1,0,0,0,0,0,0,0,0
310,1,1,0,0,1,1,0,0,0
311,1,0,0,0,0,0,0,0,0
312,0,0,0,0,0,0,0,0,0
313,1,1,1,1,0,1,0,1,1
314,0,0,0,0,0,1,0,0,0
315,1,0,0,0,0,0,0,1,0
316,1,0,0,0,0,0,1,0,0
317,0,0,0,0,0,0,0,0,1
318,1,1,0,0,1,1,0,0,1
319,1,0,0,0,0,1,0,0,0
320,1,1,0,0,0,0,0,0,0
321,1,0,1,0,0,0,0,0,0
322,1,0,0,0,0,1,0,0,0
323,1,0,0,0,0,1,0,0,0
324,1,0,0,0,0,0,0,0,0
325,1,0,0,0,0,1,0,0,1
326,1,1,0,1,1,0,0,1,0
327,1,0,0,0,0,0,0,0,0
328,1,0,0,0,0,0,0,1,0
329,1,0,0,0,0,0,1,0,0
330,1,0,0,0,1,1,0,0,0
331,1,1,0,0,0,0,0,0,0
332,0,0,0,0,0,0,0,1,0
333,1,1,0,0,0,1,0,0,0
334,1,0,0,0,0,0,0,0,0
335,1,0,0,0,0,1,0,0,0
336,0,0,0,0,0,1,0,0,0
337,1,0,0,0,0,1,0,0,1
338,1,1,0,0,0,0,0,0,1
339,1,1,0,1,1,1,0,0,0
340,1,0,0,0,0,0,0,0,0
341,0,1,0,0,0,0,0,0,0
342,0,0,0,0,0,0,0,0,0
343,1,1,0,0,0,1,0,1,1
344,0,1,0,0,0,0,0,1,0
345,1,0,0,0,0,1,0,0,0
346,0,0,0,1,0,1,0,1,1
347,1,0,0,0,0,1,0,0,0
348,1,1,0,0,0,0,0,0,1
349,1,0,0,0,0,0,0,0,0
350,1,0,0,0,1,0,0,0,0
351,0,0,0,1,0,1,0,0,1
352,0,0,0,0,0,0,0,0,1
353,0,0,0,0,0,0,0,0,0
354,1,0,0,0,0,1,0,0,1
355,1,0,0,0,0,1,0,0,1
356,0,0,0,0,0,0,0,0,1
357,1,1,0,0,0,0,0,0,1
358,1,0,0,0,0,0,0,0,0
359,0,0,0,0,0,0,0,0,0
360,1,0,0,1,0,1,0,0,0
361,1,1,0,0,0,0,1,0,1
362,1,1,0,0,0,0,0,0,0
363,0,0,0,0,0,0,0,0,0
364,1,0,0,0,0,0,1,0,0
365,1,1,1,1,0,1,0,0,1
366,1,0,0,0,0,0,0,0,0
367,1,0,0,0,0,1,0,1,0
368,0,1,0,0,0,0,0,0,1
369,1,0,0,0,0,0,0,0,1
370,1,0,0,0,0,0,0,0,0
371,0,1,0,0,0,0,0,1,0
372,1,1,0,1,1,1,0,0,0
373,0,0,0,0,0,0,0,1,0
374,1,0,0,0,0,0,1,0,0
375,0,0,0,0,1,0,0,0,0
376,1,1,0,0,0,0,0,0,0
377,0,0,0,0,0,0,0,0,0
378,1,1,1,0,0,0,0,0,0
379,0,0,0,0,0,0,0,0,0
380,0,0,0,0,0,0,0,1,0
381,1,1,0,0,0,1,0,0,1
382,1,0,0,0,0,0,0,0,0
383,1,0,0,0,0,0,0,0,0
384,1,0,0,0,0,1,0,0,1
385,0,1,0,0,0,1,0,0,0
386,1,0,0,0,0,0,0,0,1
387,1,0,0,0,0,0,0,0,0
388,0,0,0,0,0,0,0,0,0
389,1,0,0,0,0,0,0,0,0
390,1,0,0,0,0,1,0,0,1
391,1,0,0,0,0,0,0,0,0
392,0,0,0,0,0,1,0,0,1
393,1,0,0,0,1,1,0,0,1
394,1,0,0,0,1,0,0,1,0
395,1,0,0,0,0,1,0,1,1
396,0,1,0,0,0,0,0,0,0
397,1,0,0,0,0,0,0,1,1
398,1,0,0,1,1,0,0,0,1
399,0,0,0,0,0,0,0,1,0
400,1,1,0,0,0,1,0,0,0
401,1,1,0,0,0,0,0,0,0
402,1,1,1,1,1,0,1,1,1
403,0,0,0,0,0,0,0,0,0
404,0,0,1,0,0,0,0,0,1
405,1,0,0,0,0,0,0,0,1
406,0,0,0,0,0,0,0,1,0
407,0,0,0,0,0,0,0,0,1
408,0,0,0,0,0,0,0,0,1
409,1,0,0,0,0,1,0,0,1
410,1,1,0,0,0,0,1,0,0
411,1,0,0,0,0,1,1,0,0
412,1,1,0,1,1,1,0,1,0
413,1,0,0,0,0,0,0,0,1
414,0,0,0,0,0,0,0,0,1
415,1,0,0,0,0,0,0,0,1
416,1,1,0,1,1,1,0,0,1
417,1,1,0,0,0,0,0,0,1
418,1,1,0,0,0,0,0,0,0
419,1,0,0,0,0,0,0,0,0
420,1,0,0,0,1,0,0,0,0
421,0,1,0,0,0,0,0,0,0
422,1,0,0,0,0,0,0,0,0
423,1,0,0,0,0,0,0,0,0
424,1,1,0,0,0,1,0,0,0
425,1,0,0,0,0,1,0,0,0
426,1,0,0,0,1,0,0,0,0
427,1,1,0,1,0,1,1,1,0
428,0,1,0,0,1,0,0,0,0
429,1,0,0,0,0,0,0,0,1
430,1,0,0,0,0,1,0,0,0
431,1,0,0,0,0,0,0,0,0
432,0,0,0,0,0,0,0,1,1
433,1,1,1,0,0,0,0,0,0
434,1,1,0,0,0,0,0,0,0
435,1,0,0,1,0,1,1,0,0
436,1,0,0,0,0,0,0,0,0
437,0,0,0,0,0,0,0,0,0
438,0,1,0,0,0,1,0,0,1
439,1,1,0,0,0,0,0,0,0
440,1,0,0,0,1,0,0,0,0
441,1,1,0,0,1,1,0,0,0
442,1,0,0,0,0,0,0,0,0
443,1,0,0,0,0,0,0,0,0
444,1,1,0,0,0,0,0,0,0
445,1,0,0,0,0,0,0,0,0
446,1,0,0,0,0,0,0,0,0
447,1,1,1,1,1,0,0,1,0
448,1,0,1,1,1,0,0,1,1
449,1,0,0,0,1,0,0,0,0
450,0,0,0,0,0,0,0,0,0
451,1,0,0,0,0,0,0,0,0
452,1,0,0,1,0,0,0,1,0
453,1,1,0,0,0,0,1,1,0
454,1,1,0,0,1,0,0,0,0
455,1,0,0,0,0,0,0,0,0
456,1,0,0,0,0,0,0,0,0
457,1,0,0,0,1,0,0,0,0
458,0,0,0,0,1,0,0,0,0
459,1,1,0,0,0,0,0,0,1
460,1,1,1,0,1,0,1,1,0
461,0,0,0,0,0,1,1,0,0
462,1,0,0,0,0,1,1,0,0
463,0,0,0,0,1,1,0,0,1
464,0,0,0,0,0,0,0,0,1
465,1,1,0,0,0,0,0,0,0
466,1,0,0,0,0,0,0,1,1
467,1,0,0,0,0,1,0,0,0
468,1,0,0,0,1,0,0,0,0
469,0,0,0,0,1,0,0,0,0
470,1,1,0,0,0,0,1,0,1
471,1,0,0,0,1,0,0,0,0
472,1,0,0,0,0,1,0,0,0
473,1,0,0,0,0,1,0,0,0
474,0,0,0,0,0,1,0,0,0
475,0,0,0,0,0,0,0,0,0
476,1,0,0,0,0,1,0,0,0
477,1,1,0,0,0,0,0,0,0
478,0,0,0,0,0,0,0,0,1
479,1,0,0,0,0,1,0,0,0
480,1,0,0,1,1,0,0,1,0
481,1,0,0,0,0,0,0,0,1
482,0,0,0,0,0,0,0,0,0
483,0,0,0,0,0,1,0,0,0
484,1,0,0,0,0,0,1,0,0
485,0,1,0,0,1,1,0,0,0
486,1,1,0,0,0,0,0,0,1
487,1,0,1,0,0,0,0,0,0
488,1,1,0,0,0,1,0,1,0
489,1,0,0,0,1,0,0,0,0
490,0,1,0,0,0,0,0,0,0
491,0,1,1,1,1,0,0,1,1
492,1,0,0,1,0,0,0,0,0
493,1,1,0,0,1,1,0,0,1
494,0,0,0,0,0,0,0,0,0
495,1,1,0,0,0,0,0,1,1
496,0,0,0,0,0,0,0,1,0
497,1,0,0,0,0,0,0,1,1
498,1,0,0,0,1,0,0,0,0
499,1,0,0,0,0,0,0,0,1
500,0,0,0,0,0,0,0,0,0
501,0,0,0,0,0,0,0,1,0
502,1,1,0,0,0,0,0,0,0
503,1,0,1,1,0,0,0,1,1
504,1,0,1,0,0,0,0,0,0
505,1,0,0,0,1,0,1,0,0
506,1,0,0,1,1,0,0,0,1
507,0,0,0,0,0,0,0,0,0
508,1,0,0,0,0,0,0,0,0
509,0,1,0,0,0,0,0,0,0
510,1,0,0,0,0,0,0,0,0
511,1,0,0,0,0,0,0,0,0
512,1,1,0,0,0,0,0,1,0
513,1,1,0,0,0,0,1,0,0
514,0,1,0,0,0,0,0,0,0
515,1,1,0,0,1,0,0,0,1
516,1,0,0,0,0,0,0,0,0
517,0,0,0,0,0,0,0,0,0
518,0,0,1,0,0,0,0,0,0
519,0,0,0,0,0,0,0,0,1
520,0,0,1,0,1,0,0,1,0
521,0,0,0,0,0,0,1,0,0
522,1,0,0,0,0,0,0,0,0
523,1,0,0,0,0,0,0,0,1
524,0,1,0,0,0,1,0,0,0
525,0,0,0,0,0,0,0,0,0
526,0,0,0,0,0,1,0,0,0
527,1,1,0,0,0,0,0,1,1
528,0,0,0,0,0,0,1,0,0
529,0,0,0,0,0,0,1,0,1
530,1,0,0,0,0,0,0,0,0
531,0,1,1,0,0,0,0,0,0
532,1,0,0,0,0,1,0,0,1
533,0,0,0,0,0,0,0,0,0
534,1,1,0,0,1,1,0,0,0
535,1,0,0,0,1,0,0,0,0
536,1,0,0,0,1,0,0,0,0
537,1,1,0,0,0,0,0,0,0
538,0,0,0,0,1,1,0,0,0
539,1,0,0,0,0,1,0,0,1
540,1,0,0,0,0,0,0,0,0
541,0,0,0,0,0,0,0,0,1
542,0,0,0,0,0,0,1,0,0
543,0,0,0,0,0,1,1,0,1
544,1,0,0,0,1,1,0,1,0
545,1,0,0,0,0,1,1,0,0
546,1,1,0,0,0,0,0,0,1
547,1,1,0,0,1,1,0,1,0
548,1,0,1,0,0,1,1,0,1
549,1,0,0,0,0,1,0,0,0
550,1,1,0,0,1,0,0,0,0
551,1,0,0,0,0,0,0,0,0
552,1,1,0,0,0,0,0,0,0
553,1,0,0,0,0,0,0,0,0
554,1,1,0,0,0,0,0,0,0
555,1,1,0,1,1,1,1,0,1
556,0,0,0,0,0,0,1,0,0
557,0,1,0,0,0,0,0,0,0
558,1,0,0,0,0,0,1,0,1
559,1,0,0,0,1,0,0,0,0
560,1,1,1,0,1,1,0,0,0
561,1,1,0,0,0,1,0,0,0
562,1,0,1,0,1,0,0,1,0
563,1,0,0,0,0,0,0,1,0
564,1,0,0,0,0,0,0,0,0
565,1,1,0,0,1,1,1,0,0
566,1,1,0,0,1,0,0,0,0
567,1,0,0,0,1,0,1,0,0
568,1,1,0,0,0,0,0,0,1
569,1,0,0,0,0,0,0,0,0
570,1,0,0,0,0,1,0,0,0
571,1,0,0,0,0,0,0,0,0
572,0,0,1,0,0,1,0,0,0
573,1,0,0,0,0,1,0,0,0
574,1,0,0,0,1,0,0,0,0
575,1,1,1,0,1,1,0,1,1
576,0,0,0,0,0,0,0,0,0
577,0,0,0,0,0,0,0,0,0
578,1,1,0,1,0,0,1,0,0
579,0,0,0,0,0,0,0,0,0
580,1,0,0,0,0,0,0,0,0
581,1,0,0,0,0,0,0,0,0
582,1,1,0,0,0,0,0,0,0
583,0,0,0,0,0,1,0,0,1
584,1,1,0,0,0,1,0,0,1
585,1,0,0,0,0,0,0,0,0
586,1,0,1,0,0,0,0,1,0
587,1,1,0,0,0,1,0,0,1
588,0,0,0,0,0,0,0,0,1
589,1,0,0,0,0,0,0,0,0
590,1,1,0,0,0,0,0,0,0
591,1,0,0,0,0,0,0,0,1
592,1,0,0,0,0,0,0,0,0
593,1,1,0,0,1,1,0,0,0
594,0,0,0,0,0,1,1,1,0
595,1,0,0,0,0,0,0,0,0
596,0,0,0,0,0,0,0,0,0
597,0,0,0,0,0,0,0,0,0
598,0,1,0,0,0,1,0,0,0
599,1,0,1,0,1,0,0,0,0
600,1,1,0,0,0,0,0,0,1
601,1,1,0,0,1,0,0,1,0
602,1,1,0,0,0,0,0,0,1
603,0,0,0,0,0,0,0,0,0
604,1,0,1,0,1,0,0,1,1
605,0,0,0,0,1,0,1,0,0
606,1,1,0,1,0,0,0,0,0
607,1,0,0,0,0,0,0,1,1
608,0,0,0,0,1,0,0,0,1
609,1,0,0,0,0,0,1,0,0
610,0,0,0,0,0,0,0,0,0
611,0,0,0,0,0,0,0,0,0
612,1,0,0,1,0,0,0,0,1
613,1,0,0,1,1,1,1,1,0
614,1,0,0,1,1,1,1,0,0
615,0,0,0,0,0,0,0,0,0
616,1,0,0,1,0,0,0,0,0
617,0,0,0,0,0,0,0,0,0
618,1,0,0,0,0,0,0,0,0
619,1,0,0,0,0,0,0,0,0
620,0,0,0,0,0,1,0,1,1
621,1,1,0,0,0,1,0,0,0
622,1,0,0,0,0,0,0,0,0
623,0,0,0,0,0,0,1,0,0
624,0,1,0,0,0,0,0,0,0
625,1,1,0,0,0,1,0,0,0
626,1,0,0,0,0,1,1,0,1
627,1,0,0,1,0,0,0,0,0
628,0,0,0,0,0,0,0,0,0
629,1,0,0,1,0,1,1,0,0
630,1,0,0,0,0,0,0,0,0
631,1,0,0,0,1,0,0,0,0
632,1,1,0,0,0,0,0,1,0
633,1,0,0,0,0,0,0,0,0
634,1,0,0,0,0,0,0,1,1
635,1,0,0,0,0,0,1,0,0
636,1,1,0,1,0,1,0,0,0
637,1,0,0,0,1,0,0,0,0
638,0,0,0,0,0,1,0,0,0
639,1,0,0,0,0,1,0,1,0
640,1,0,0,0,0,0,0,0,1
641,0,1,0,0,0,0,0,0,1
642,0,0,0,0,1,0,0,1,0
643,1,0,0,0,0,0,0,0,0
644,1,0,0,0,1,0,0,0,1
645,1,0,0,0,0,1,0,0,1
646,1,0,0,0,0,0,0,0,0
647,0,0,0,0,0,1,0,0,0
648,1,0,0,0,0,0,0,0,0
649,0,1,0,0,0,0,0,1,0
650,0,0,0,0,0,0,0,0,0
651,1,0,0,0,0,1,0,0,1
652,1,1,0,0,1,0,0,0,0
653,1,0,0,0,0,1,0,1,1
654,1,0,0,0,0,0,0,0,0
655,0,0,0,0,0,0,0,0,1
656,1,1,0,0,0,0,0,0,0
657,0,1,0,0,0,1,0,0,0
658,1,0,0,0,0,0,0,0,1
659,0,0,0,0,0,1,0,0,1
660,1,0,0,0,0,0,0,0,0
661,1,0,0,0,0,0,0,0,0
662,1,0,0,0,0,0,0,0,0
663,0,0,0,0,0,0,0,0,0
664,0,1,0,0,0,1,0,0,0
665,1,1,1,1,1,0,1,0,0
666,1,0,0,1,0,0,0,1,1
667,1,0,0,0,0,0,0,0,0
668,1,0,0,0,1,0,1,1,0
669,1,0,0,0,0,0,1,1,1
670,1,1,0,0,0,1,1,0,1
671,1,1,0,0,1,0,0,0,1
672,0,1,0,0,0,0,0,1,1
673,1,0,0,0,0,1,0,0,0
674,1,0,0,0,0,0,0,0,1
675,1,0,0,0,0,0,0,0,0
676,1,0,0,0,0,1,0,1,0
677,1,0,0,0,0,0,1,0,0
678,0,0,0,0,0,0,0,0,0
679,1,1,0,0,0,1,0,0,0
680,1,1,0,0,0,1,0,0,1
681,1,1,0,0,0,0,0,0,1
682,1,1,0,0,0,0,0,0,1
683,0,1,0,0,0,0,0,0,0
684,1,0,0,0,1,0,0,0,0
685,0,0,0,0,0,0,0,1,0
686,1,0,1,0,1,0,0,0,0
687,0,0,1,1,1,0,1,1,1
688,1,0,0,0,0,1,0,0,0
689,0,1,0,0,0,0,0,0,1
690,1,0,0,0,0,0,0,0,0
691,0,0,0,0,1,0,0,0,0
692,1,0,0,0,0,0,0,0,0
693,1,0,0,0,0,1,0,0,1
694,0,1,0,0,0,0,0,0,0
695,1,1,0,0,0,0,0,1,0
696,1,0,0,0,0,1,0,0,0
697,1,0,0,0,0,0,0,0,0
698,0,0,0,0,0,0,1,0,1
699,1,0,0,0,0,0,0,0,0
700,1,1,1,0,0,1,0,0,0
701,1,0,0,0,0,0,0,0,0
702,0,1,0,0,0,0,0,0,0
703,1,0,1,0,0,0,1,0,1
704,1,0,1,1,1,1,1,1,0
705,1,0,0,0,0,0,0,0,0
706,1,0,0,0,0,0,0,0,1
707,1,1,0,0,0,0,0,0,0
708,1,0,0,0,0,1,0,0,0
709,0,0,0,0,0,0,0,0,0
710,0,0,0,0,0,1,0,0,0
711,1,0,0,0,0,1,0,0,0
712,1,0,0,0,1,0,0,0,0
713,0,0,0,0,0,0,1,0,0
714,1,0,1,0,0,1,0,0,0
715,0,0,0,0,0,0,0,0,0
716,0,0,0,0,0,1,0,0,0
717,1,0,0,0,0,0,1,0,1
718,0,0,0,1,1,0,0,0,0
719,1,1,0,0,0,0,0,0,0
720,1,0,0,1,0,1,0,0,0
721,1,1,0,0,1,0,0,1,1
722,1,0,1,0,0,0,0,0,1
723,1,1,0,0,0,0,0,1,0
724,1,0,1,0,0,0,1,1,0
725,0,0,0,0,0,0,0,0,0
726,1,1,0,0,0,0,1,1,1
727,0,0,0,1,0,0,0,0,1
728,1,0,0,0,0,0,0,1,1
729,1,0,0,0,0,0,0,0,1
730,1,0,0,0,1,0,0,0,0
731,0,0,0,0,0,0,0,0,0
732,1,0,0,0,0,1,0,0,0
733,1,0,0,0,0,0,0,1,0
734,1,1,0,0,0,1,0,0,0
735,0,1,0,0,0,0,0,1,0
736,1,1,0,1,1,0,1,0,0
737,1,1,1,0,0,0,0,0,0
738,1,1,0,0,0,1,0,0,0
739,0,0,0,0,0,0,0,0,1
740,1,1,0,0,0,1,1,0,0
741,1,0,0,0,0,0,0,1,1
742,1,1,1,0,0,0,0,0,0
743,1,0,0,0,0,0,1,0,0
744,1,0,0,0,1,0,0,0,0
745,1,0,1,0,1,1,1,1,1
746,1,0,1,0,0,0,0,0,0
747,0,0,0,0,0,0,0,0,0
748,0,0,0,0,1,1,0,0,0
749,1,0,0,0,0,0,0,0,1
750,1,0,0,0,1,0,0,0,1
751,0,0,0,0,0,0,0,0,0
752,1,0,0,0,0,0,0,0,0
753,1,1,0,0,0,1,0,0,1
754,1,0,0,0,0,0,0,0,1
755,1,0,0,0,0,1,0,1,0
756,0,0,0,0,0,0,1,0,0
757,1,0,0,0,0,0,0,0,0
758,1,0,0,0,0,0,0,0,1
759,1,1,1,0,0,1,0,1,0
760,0,0,0,0,0,0,0,0,0
761,1,0,0,0,0,0,0,0,0
762,1,0,0,0,0,0,0,0,0
763,1,0,0,0,0,0,0,0,0
764,1,0,1,0,0,1,0,1,1
765,0,0,0,0,1,1,1,0,1
766,1,0,0,0,0,0,0,0,0
767,1,1,0,0,0,0,0,0,0
768,1,0,0,0,0,0,0,1,1
769,0,0,1,0,1,0,0,1,0
770,1,1,0,0,1,0,0,1,0
771,1,1,0,0,1,0,1,0,1
772,1,0,0,0,0,0,0,0,1
773,0,0,0,0,0,0,0,0,0
774,1,0,0,0,0,0,0,0,0
775,1,1,0,0,0,1,0,0,1
776,1,1,0,0,0,1,0,1,0
777,0,0,0,0,0,0,0,0,0
778,1,0,0,0,0,0,0,0,0
779,1,0,0,0,0,1,0,0,0
780,0,0,0,0,0,0,0,0,0
781,0,0,0,1,0,0,0,0,0
782,1,1,1,0,1,1,0,0,1
783,1,0,1,0,1,1,1,1,0
784,1,0,0,0,0,0,0,0,1
785,1,0,0,0,0,0,0,0,0
786,1,0,0,0,0,1,0,0,1
787,1,1,0,1,0,0,0,0,1
788,0,0,0,1,0,0,0,0,0
789,1,0,0,0,0,0,0,0,1
790,1,0,0,0,0,0,0,0,0
791,1,1,0,1,0,1,0,0,0
792,1,0,0,0,0,1,0,1,1
793,1,0,0,0,1,1,0,0,0
794,1,0,0,0,0,0,0,1,0
795,1,0,0,0,0,1,0,0,0
796,1,1,0,0,0,0,0,0,0
797,1,1,0,0,0,0,0,0,0
798,0,0,0,0,0,0,0,1,0
799,1,1,0,0,0,0,0,0,0
800,1,0,0,1,1,1,0,1,0
801,1,0,0,0,0,1,1,0,0
802,0,1,0,0,0,0,0,0,1
803,1,0,0,1,0,0,0,0,0
804,0,0,0,0,0,0,0,0,0
805,1,1,0,0,1,1,1,1,1
806,1,1,0,0,0,0,0,1,0
807,0,0,0,0,0,0,0,0,0
808,1,0,0,0,0,0,0,0,1
809,1,1,1,0,0,1,1,1,0
810,0,0,0,0,1,1,0,0,1
811,1,0,0,0,1,1,0,0,0
812,1,0,0,0,0,0,0,0,0
813,0,1,0,0,0,0,0,0,0
814,0,0,0,0,0,0,0,0,0
815,0,0,0,0,0,1,0,0,1
816,1,0,0,0,0,1,0,0,0
817,0,1,0,0,0,1,0,0,0
818,1,0,1,0,0,1,1,0,0
819,1,0,0,0,0,0,0,0,0
820,0,0,0,0,0,0,0,1,0
821,1,0,0,0,1,0,0,0,0
822,1,0,0,0,0,1,0,0,0
823,0,0,0,0,0,0,0,0,0
824,1,0,1,0,0,0,1,0,0
825,1,0,0,0,0,0,0,0,1
826,1,1,0,0,0,1,0,1,1
827,1,0,0,0,0,0,0,0,0
828,0,0,0,1,0,0,0,0,0
829,1,0,0,0,0,1,0,0,0
830,0,0,0,0,0,0,1,1,0
831,1,0,0,0,0,0,0,0,1
832,0,0,0,0,0,1,0,0,0
833,1,0,1,0,1,0,1,1,1
834,1,1,0,0,0,0,0,0,0
835,1,1,0,0,1,0,1,0,1
836,1,1,0,0,0,0,1,0,1
837,1,1,0,0,0,0,0,1,1
838,1,0,0,0,0,1,0,1,0
839,1,1,0,0,0,1,0,0,0
840,0,0,0,0,0,0,0,0,0
841,1,0,0,0,0,0,0,0,0
842,1,1,1,0,1,0,1,1,1
843,0,0,0,0,0,0,0,0,0
844,1,0,0,0,0,0,0,0,1
845,0,0,0,0,0,0,0,0,0
846,1,0,0,0,1,1,0,1,1
847,1,1,0,1,0,0,1,0,0
848,0,0,0,0,0,0,0,0,0
849,1,0,0,0,1,0,0,0,0
850,1,1,1,0,0,1,0,0,0
851,0,0,0,1,0,0,0,0,1
852,1,0,0,0,0,1,0,0,0
853,1,1,0,0,0,1,0,0,1
854,1,0,0,0,1,0,1,0,0
855,0,0,0,0,0,0,0,0,0
856,1,0,0,0,0,0,0,0,1
857,1,0,0,0,1,0,0,0,0
858,1,0,0,0,0,1,0,0,0
859,0,1,1,1,1,0,0,1,0
860,1,0,0,0,0,0,1,0,0
861,1,1,1,0,0,0,0,0,1
862,1,0,0,0,1,0,0,0,1
863,1,0,0,1,1,0,1,0,0
864,0,0,0,0,0,0,1,0,0
865,0,1,0,0,0,0,1,0,1
866,1,0,0,0,0,0,0,0,0
867,1,1,0,0,0,0,0,0,0
868,1,0,0,0,0,0,0,0,0
869,1,0,0,0,0,0,0,1,1
870,0,0,0,0,0,0,0,1,0
871,1,1,0,0,0,1,0,0,0
872,1,0,0,0,1,0,0,1,0
873,1,0,0,0,0,1,0,0,0
874,1,0,1,0,0,0,0,0,0
875,0,0,0,0,0,0,0,0,0
876,0,0,0,0,0,0,0,0,1
877,1,0,0,0,1,1,0,0,1
878,1,1,0,0,1,1,0,0,0
879,1,0,0,0,0,0,1,0,0
880,1,1,0,0,0,1,0,0,0
881,0,0,0,0,0,0,0,0,0
882,1,0,0,0,0,0,0,0,1
883,1,0,0,0,0,0,0,0,0
884,1,0,0,0,0,0,0,0,0
885,1,0,0,0,0,0,0,0,1
886,1,1,0,0,0,1,0,0,0
887,0,1,0,0,0,0,0,0,0
888,0,1,0,0,0,0,0,0,0
889,1,0,0,0,0,0,0,1,0
890,0,1,0,0,0,1,0,0,1
891,0,0,0,0,0,0,0,1,0
892,1,0,0,0,1,0,0,0,0
893,0,0,0,0,0,1,1,0,0
894,0,0,0,0,0,0,0,1,0
895,0,0,0,0,0,0,0,0,1
896,1,0,0,1,1,0,0,0,1
897,1,0,0,0,0,0,0,0,1
898,1,0,0,0,0,0,0,0,1
899,1,0,0,0,0,0,0,1,0
900,0,1,1,0,1,0,0,0,0
901,0,0,0,0,0,0,0,0,0
902,1,0,0,0,0,1,0,1,1
903,1,0,0,0,0,1,0,0,0
904,1,1,0,0,0,0,0,0,1
905,1,0,0,0,0,1,0,1,0
906,1,1,0,1,0,1,0,1,1
907,0,0,0,0,0,0,0,0,0
908,0,0,0,0,0,0,1,0,0
909,1,1,0,0,0,1,0,1,0
910,1,1,0,0,0,0,0,0,0
911,1,1,0,0,0,0,0,0,0
912,0,0,0,0,0,0,0,0,0
913,0,0,0,0,0,1,0,0,0
914,1,0,1,0,1,0,0,0,0
915,1,0,0,0,1,0,0,0,0
916,1,0,0,0,0,0,0,0,0
917,0,0,0,0,0,0,0,0,0
918,1,1,0,0,0,0,1,0,0
919,0,0,0,0,0,0,0,0,0
920,0,0,0,0,0,0,0,1,0
921,0,0,0,0,1,1,0,0,0
922,0,0,0,0,0,1,0,0,0
923,1,1,0,0,0,0,0,1,0
924,1,0,0,0,1,0,0,0,0
925,0,0,0,0,1,0,0,0,0
926,0,0,0,0,0,0,0,0,0
927,1,0,0,0,0,1,0,0,1
928,1,0,0,0,1,1,1,0,0
929,1,1,1,0,1,0,0,0,0
930,0,0,1,0,0,0,0,0,0
931,0,0,0,0,0,0,0,0,0
932,1,1,0,0,1,0,0,0,0
933,0,0,0,0,0,0,0,0,0
934,0,1,1,0,0,0,0,0,0
935,1,0,0,0,0,0,0,0,0
936,1,1,0,0,1,0,0,0,1
937,1,0,0,0,0,0,0,0,0
938,0,0,0,0,0,0,0,0,0
939,1,1,0,0,0,0,0,0,1
940,0,1,0,0,0,0,0,0,0
941,0,0,0,0,0,0,0,0,0
942,0,0,0,0,0,0,0,0,0
943,1,0,0,0,0,0,1,0,0
944,1,0,0,0,0,1,0,0,1
945,1,0,0,0,1,0,0,0,0
946,1,0,0,1,0,0,0,0,1
947,0,0,0,0,0,0,0,0,0
948,1,0,1,0,0,1,0,0,1
949,0,0,0,0,0,0,0,0,0
950,0,0,0,1,0,1,0,0,0
951,1,1,0,1,0,1,0,0,0
952,1,0,0,0,0,0,1,0,0
953,1,0,0,0,0,0,0,0,0
954,1,0,0,1,0,1,0,0,1
955,1,1,1,1,0,0,0,0,0
956,1,1,0,0,0,0,0,0,0
957,1,1,0,0,0,0,0,0,0
958,0,0,0,0,0,0,0,0,0
959,1,0,0,0,1,0,0,0,1
960,1,1,0,0,0,1,0,1,0
961,0,0,0,0,0,0,0,1,0
962,1,0,0,0,0,0,0,0,1
963,1,0,0,0,1,0,0,0,1
964,1,0,0,0,0,1,0,0,0
965,1,0,0,0,0,0,0,0,0
966,1,0,0,0,0,0,0,0,0
967,1,0,0,0,0,1,0,0,1
968,0,1,0,0,0,0,0,0,0
969,1,1,0,1,1,1,1,0,0
970,1,0,0,0,0,0,0,0,0
971,1,0,0,0,0,0,0,0,1
972,1,0,0,0,0,1,0,0,0
973,1,0,1,0,0,1,0,0,0
974,0,0,0,0,0,0,0,0,1
975,1,1,0,0,1,1,0,1,0
976,1,0,0,0,0,0,0,0,0
977,1,1,0,0,0,0,0,0,0
978,0,0,0,0,0,0,0,0,0
979,1,0,0,0,0,1,0,0,0
980,0,0,0,0,0,1,0,0,0
981,0,0,0,0,1,0,0,0,0
982,0,1,0,0,1,1,0,0,0
983,1,1,0,0,0,0,0,0,0
984,0,0,0,0,0,0,0,0,0
985,1,0,1,0,0,0,0,0,0
986,0,1,0,0,0,0,1,0,1
987,1,0,0,0,0,0,0,0,0
988,0,0,0,0,0,0,1,0,0
989,1,0,0,0,1,1,0,0,0
990,1,0,0,0,0,1,0,0,0
991,0,0,0,0,0,0,1,0,0
992,1,0,0,0,0,0,0,0,1
993,1,1,0,0,1,1,0,1,0
994,1,1,0,0,0,0,0,0,1
995,1,0,0,0,1,0,0,0,1
996,1,1,0,0,1,0,0,0,0
997,0,1,0,0,0,0,0,0,0
998,1,0,0,0,0,1,0,0,0
999,1,0,0,0,1,0,0,0,0
1000,1,0,0,0,1,0,0,0,0
